cam0=[3992.048 0 1013.005; 0 3992.048 958.384; 0 0 1]
cam1=[3992.048 0 1112.802; 0 3992.048 958.384; 0 0 1]
doffs=99.797
baseline=196.054
width=2880
height=1916
ndisp=800
