cam0=[4152.073 0 1288.147; 0 4152.073 973.571; 0 0 1]
cam1=[4152.073 0 1501.231; 0 4152.073 973.571; 0 0 1]
doffs=213.084
baseline=176.252
width=1920
height=1080
ndisp=1920
